a=ListContourPlot[{
  {   0.20025  ,   0.20274  ,   0.20541  ,   0.20826  ,   0.21131  ,   0.21455  ,   0.21799  ,   0.22163  ,   0.22549  ,   0.22956  ,   0.23385  ,   0.23837  ,   0.24312  ,   0.24811  ,   0.25334  ,   0.25882  ,   0.26456  ,   0.27056  ,   0.27683  ,   0.28337  ,   0.29019  ,   0.29730  ,   0.30471  ,   0.31241  ,   0.32043 },
  {   0.18579  ,   0.18790  ,   0.19019  ,   0.19267  ,   0.19535  ,   0.19822  ,   0.20131  ,   0.20461  ,   0.20812  ,   0.21186  ,   0.21582  ,   0.22002  ,   0.22446  ,   0.22915  ,   0.23409  ,   0.23930  ,   0.24477  ,   0.25051  ,   0.25653  ,   0.26284  ,   0.26945  ,   0.27636  ,   0.28357  ,   0.29111  ,   0.29897 },
  {   0.17326  ,   0.17498  ,   0.17689  ,   0.17900  ,   0.18130  ,   0.18382  ,   0.18654  ,   0.18948  ,   0.19265  ,   0.19605  ,   0.19968  ,   0.20356  ,   0.20768  ,   0.21206  ,   0.21671  ,   0.22163  ,   0.22682  ,   0.23230  ,   0.23807  ,   0.24414  ,   0.25052  ,   0.25722  ,   0.26424  ,   0.27160  ,   0.27929 },
  {   0.16249  ,   0.16383  ,   0.16536  ,   0.16708  ,   0.16902  ,   0.17116  ,   0.17352  ,   0.17611  ,   0.17892  ,   0.18197  ,   0.18527  ,   0.18882  ,   0.19262  ,   0.19669  ,   0.20104  ,   0.20566  ,   0.21057  ,   0.21578  ,   0.22130  ,   0.22712  ,   0.23327  ,   0.23975  ,   0.24657  ,   0.25374  ,   0.26126 },
  {   0.15335  ,   0.15430  ,   0.15545  ,   0.15679  ,   0.15835  ,   0.16012  ,   0.16212  ,   0.16434  ,   0.16680  ,   0.16950  ,   0.17246  ,   0.17567  ,   0.17915  ,   0.18290  ,   0.18694  ,   0.19127  ,   0.19589  ,   0.20082  ,   0.20607  ,   0.21165  ,   0.21756  ,   0.22381  ,   0.23042  ,   0.23740  ,   0.24475 },
  {   0.14571  ,   0.14627  ,   0.14703  ,   0.14799  ,   0.14917  ,   0.15057  ,   0.15220  ,   0.15406  ,   0.15616  ,   0.15851  ,   0.16112  ,   0.16400  ,   0.16714  ,   0.17058  ,   0.17430  ,   0.17832  ,   0.18266  ,   0.18731  ,   0.19229  ,   0.19761  ,   0.20327  ,   0.20930  ,   0.21569  ,   0.22247  ,   0.22964 },
  {   0.13944  ,   0.13962  ,   0.13999  ,   0.14057  ,   0.14137  ,   0.14240  ,   0.14365  ,   0.14515  ,   0.14689  ,   0.14889  ,   0.15115  ,   0.15368  ,   0.15649  ,   0.15960  ,   0.16301  ,   0.16672  ,   0.17076  ,   0.17512  ,   0.17983  ,   0.18489  ,   0.19031  ,   0.19610  ,   0.20227  ,   0.20884  ,   0.21583 },
  {   0.13446  ,   0.13424  ,   0.13423  ,   0.13443  ,   0.13485  ,   0.13550  ,   0.13638  ,   0.13751  ,   0.13889  ,   0.14053  ,   0.14244  ,   0.14463  ,   0.14710  ,   0.14988  ,   0.15297  ,   0.15637  ,   0.16011  ,   0.16418  ,   0.16861  ,   0.17340  ,   0.17856  ,   0.18412  ,   0.19007  ,   0.19643  ,   0.20322 },
  {   0.13066  ,   0.13006  ,   0.12966  ,   0.12948  ,   0.12952  ,   0.12979  ,   0.13030  ,   0.13106  ,   0.13207  ,   0.13335  ,   0.13491  ,   0.13675  ,   0.13889  ,   0.14133  ,   0.14409  ,   0.14718  ,   0.15061  ,   0.15439  ,   0.15854  ,   0.16305  ,   0.16796  ,   0.17327  ,   0.17899  ,   0.18515  ,   0.19174 },
  {   0.12797  ,   0.12698  ,   0.12620  ,   0.12564  ,   0.12529  ,   0.12519  ,   0.12532  ,   0.12571  ,   0.12636  ,   0.12727  ,   0.12847  ,   0.12997  ,   0.13176  ,   0.13387  ,   0.13630  ,   0.13908  ,   0.14220  ,   0.14568  ,   0.14954  ,   0.15378  ,   0.15843  ,   0.16349  ,   0.16898  ,   0.17491  ,   0.18131 },
  {   0.12631  ,   0.12494  ,   0.12377  ,   0.12282  ,   0.12210  ,   0.12162  ,   0.12138  ,   0.12139  ,   0.12167  ,   0.12223  ,   0.12307  ,   0.12421  ,   0.12566  ,   0.12743  ,   0.12953  ,   0.13198  ,   0.13479  ,   0.13797  ,   0.14154  ,   0.14551  ,   0.14989  ,   0.15469  ,   0.15995  ,   0.16566  ,   0.17185 },
  {   0.12562  ,   0.12386  ,   0.12231  ,   0.12098  ,   0.11988  ,   0.11902  ,   0.11840  ,   0.11804  ,   0.11795  ,   0.11815  ,   0.11863  ,   0.11942  ,   0.12052  ,   0.12195  ,   0.12372  ,   0.12584  ,   0.12834  ,   0.13121  ,   0.13449  ,   0.13817  ,   0.14228  ,   0.14683  ,   0.15185  ,   0.15734  ,   0.16332 },
  {   0.12584  ,   0.12370  ,   0.12176  ,   0.12005  ,   0.11857  ,   0.11733  ,   0.11634  ,   0.11561  ,   0.11515  ,   0.11497  ,   0.11510  ,   0.11553  ,   0.11628  ,   0.11737  ,   0.11880  ,   0.12060  ,   0.12278  ,   0.12534  ,   0.12832  ,   0.13172  ,   0.13555  ,   0.13985  ,   0.14462  ,   0.14988  ,   0.15565 },
  {   0.12691  ,   0.12439  ,   0.12207  ,   0.11998  ,   0.11812  ,   0.11650  ,   0.11513  ,   0.11403  ,   0.11320  ,   0.11266  ,   0.11242  ,   0.11249  ,   0.11289  ,   0.11363  ,   0.11473  ,   0.11620  ,   0.11805  ,   0.12031  ,   0.12299  ,   0.12609  ,   0.12966  ,   0.13369  ,   0.13821  ,   0.14324  ,   0.14880 },
  {   0.12879  ,   0.12588  ,   0.12319  ,   0.12072  ,   0.11848  ,   0.11648  ,   0.11473  ,   0.11326  ,   0.11206  ,   0.11115  ,   0.11055  ,   0.11026  ,   0.11031  ,   0.11071  ,   0.11146  ,   0.11260  ,   0.11413  ,   0.11607  ,   0.11844  ,   0.12126  ,   0.12454  ,   0.12831  ,   0.13258  ,   0.13738  ,   0.14272 },
  {   0.13143  ,   0.12815  ,   0.12507  ,   0.12222  ,   0.11960  ,   0.11723  ,   0.11511  ,   0.11326  ,   0.11169  ,   0.11041  ,   0.10944  ,   0.10880  ,   0.10849  ,   0.10854  ,   0.10895  ,   0.10975  ,   0.11096  ,   0.11258  ,   0.11465  ,   0.11717  ,   0.12017  ,   0.12367  ,   0.12769  ,   0.13224  ,   0.13736 },
  {   0.13479  ,   0.13114  ,   0.12769  ,   0.12446  ,   0.12146  ,   0.11871  ,   0.11621  ,   0.11399  ,   0.11204  ,   0.11040  ,   0.10907  ,   0.10806  ,   0.10740  ,   0.10709  ,   0.10716  ,   0.10763  ,   0.10850  ,   0.10981  ,   0.11157  ,   0.11379  ,   0.11650  ,   0.11973  ,   0.12349  ,   0.12781  ,   0.13270 },
  {   0.13885  ,   0.13481  ,   0.13099  ,   0.12738  ,   0.12401  ,   0.12088  ,   0.11801  ,   0.11541  ,   0.11310  ,   0.11108  ,   0.10938  ,   0.10801  ,   0.10699  ,   0.10634  ,   0.10606  ,   0.10619  ,   0.10673  ,   0.10772  ,   0.10916  ,   0.11108  ,   0.11351  ,   0.11646  ,   0.11996  ,   0.12403  ,   0.12870 },
  {   0.14356  ,   0.13915  ,   0.13495  ,   0.13097  ,   0.12722  ,   0.12372  ,   0.12047  ,   0.11750  ,   0.11481  ,   0.11243  ,   0.11036  ,   0.10863  ,   0.10725  ,   0.10624  ,   0.10561  ,   0.10540  ,   0.10561  ,   0.10627  ,   0.10740  ,   0.10902  ,   0.11115  ,   0.11383  ,   0.11706  ,   0.12089  ,   0.12533 },
  {   0.14889  ,   0.14412  ,   0.13954  ,   0.13519  ,   0.13106  ,   0.12718  ,   0.12356  ,   0.12022  ,   0.11716  ,   0.11440  ,   0.11197  ,   0.10987  ,   0.10813  ,   0.10677  ,   0.10579  ,   0.10524  ,   0.10511  ,   0.10544  ,   0.10626  ,   0.10757  ,   0.10941  ,   0.11180  ,   0.11477  ,   0.11835  ,   0.12256 },
  {   0.15483  ,   0.14968  ,   0.14474  ,   0.14001  ,   0.13551  ,   0.13126  ,   0.12726  ,   0.12354  ,   0.12011  ,   0.11699  ,   0.11418  ,   0.11172  ,   0.10962  ,   0.10790  ,   0.10657  ,   0.10567  ,   0.10521  ,   0.10521  ,   0.10570  ,   0.10671  ,   0.10825  ,   0.11036  ,   0.11307  ,   0.11639  ,   0.12036 },
  {   0.16134  ,   0.15582  ,   0.15051  ,   0.14541  ,   0.14054  ,   0.13591  ,   0.13154  ,   0.12745  ,   0.12365  ,   0.12015  ,   0.11698  ,   0.11415  ,   0.11169  ,   0.10961  ,   0.10793  ,   0.10668  ,   0.10588  ,   0.10555  ,   0.10572  ,   0.10642  ,   0.10766  ,   0.10948  ,   0.11191  ,   0.11498  ,   0.11872 },
  {   0.16839  ,   0.16251  ,   0.15683  ,   0.15136  ,   0.14612  ,   0.14112  ,   0.13638  ,   0.13192  ,   0.12774  ,   0.12387  ,   0.12033  ,   0.11714  ,   0.11431  ,   0.11187  ,   0.10984  ,   0.10824  ,   0.10710  ,   0.10644  ,   0.10628  ,   0.10666  ,   0.10761  ,   0.10914  ,   0.11130  ,   0.11411  ,   0.11760 },
  {   0.17598  ,   0.16973  ,   0.16369  ,   0.15785  ,   0.15224  ,   0.14687  ,   0.14176  ,   0.13692  ,   0.13237  ,   0.12813  ,   0.12422  ,   0.12066  ,   0.11747  ,   0.11467  ,   0.11228  ,   0.11033  ,   0.10885  ,   0.10785  ,   0.10737  ,   0.10743  ,   0.10807  ,   0.10932  ,   0.11119  ,   0.11374  ,   0.11700 },
  {   0.18407  ,   0.17747  ,   0.17106  ,   0.16485  ,   0.15887  ,   0.15313  ,   0.14765  ,   0.14244  ,   0.13752  ,   0.13291  ,   0.12863  ,   0.12470  ,   0.12114  ,   0.11798  ,   0.11524  ,   0.11294  ,   0.11111  ,   0.10977  ,   0.10896  ,   0.10871  ,   0.10904  ,   0.10999  ,   0.11159  ,   0.11387  ,   0.11688}},
                LabelStyle -> {FontFamily -> "Helvetica",        FontSize -> 16}, PlotLabel -> "least-square statistic",
                        FrameLabel -> {"Time delay, T (weeks)",          "Loss/replacement rate, \[Lambda] (per week)"},
                                                                                      PlotLegends -> BarLegend[All, 25],
Contours -> 25, DataRange -> {{ 0.200  ,0.5000  },{ 0.500  ,1.0000}}]
