a=ListContourPlot[{
  {   0.26538  ,   0.25203  ,   0.23928  ,   0.22713  ,   0.21555  ,   0.20455  ,   0.19411  ,   0.18422  ,   0.17487  ,   0.16604  ,   0.15771  ,   0.14989  ,   0.14255  ,   0.13568  ,   0.12927  ,   0.12329  ,   0.11775  ,   0.11262  ,   0.10789  ,   0.10355  ,   0.09958  ,   0.09597  ,   0.09271  ,   0.08978  ,   0.08717 },
  {   0.24039  ,   0.22800  ,   0.21621  ,   0.20501  ,   0.19437  ,   0.18430  ,   0.17477  ,   0.16579  ,   0.15733  ,   0.14937  ,   0.14192  ,   0.13495  ,   0.12845  ,   0.12240  ,   0.11680  ,   0.11162  ,   0.10686  ,   0.10250  ,   0.09852  ,   0.09492  ,   0.09167  ,   0.08878  ,   0.08621  ,   0.08396  ,   0.08203 },
  {   0.21806  ,   0.20660  ,   0.19573  ,   0.18543  ,   0.17569  ,   0.16651  ,   0.15786  ,   0.14974  ,   0.14213  ,   0.13502  ,   0.12839  ,   0.12223  ,   0.11653  ,   0.11127  ,   0.10643  ,   0.10201  ,   0.09799  ,   0.09436  ,   0.09110  ,   0.08819  ,   0.08564  ,   0.08341  ,   0.08150  ,   0.07991  ,   0.07861 },
  {   0.19814  ,   0.18757  ,   0.17759  ,   0.16816  ,   0.15929  ,   0.15095  ,   0.14315  ,   0.13585  ,   0.12905  ,   0.12274  ,   0.11690  ,   0.11151  ,   0.10657  ,   0.10205  ,   0.09795  ,   0.09425  ,   0.09094  ,   0.08800  ,   0.08541  ,   0.08318  ,   0.08127  ,   0.07969  ,   0.07841  ,   0.07744  ,   0.07674 },
  {   0.18043  ,   0.17072  ,   0.16158  ,   0.15300  ,   0.14495  ,   0.13743  ,   0.13042  ,   0.12391  ,   0.11789  ,   0.11234  ,   0.10725  ,   0.10260  ,   0.09839  ,   0.09458  ,   0.09118  ,   0.08816  ,   0.08552  ,   0.08324  ,   0.08130  ,   0.07970  ,   0.07842  ,   0.07746  ,   0.07678  ,   0.07640  ,   0.07629 },
  {   0.16473  ,   0.15585  ,   0.14753  ,   0.13974  ,   0.13249  ,   0.12575  ,   0.11951  ,   0.11375  ,   0.10847  ,   0.10365  ,   0.09928  ,   0.09534  ,   0.09181  ,   0.08868  ,   0.08595  ,   0.08359  ,   0.08159  ,   0.07994  ,   0.07863  ,   0.07763  ,   0.07696  ,   0.07658  ,   0.07649  ,   0.07667  ,   0.07713 },
  {   0.15088  ,   0.14279  ,   0.13525  ,   0.12823  ,   0.12174  ,   0.11574  ,   0.11024  ,   0.10521  ,   0.10064  ,   0.09652  ,   0.09283  ,   0.08956  ,   0.08669  ,   0.08422  ,   0.08212  ,   0.08039  ,   0.07901  ,   0.07797  ,   0.07725  ,   0.07684  ,   0.07674  ,   0.07694  ,   0.07741  ,   0.07815  ,   0.07915 },
  {   0.13871  ,   0.13139  ,   0.12459  ,   0.11832  ,   0.11255  ,   0.10727  ,   0.10247  ,   0.09813  ,   0.09424  ,   0.09079  ,   0.08776  ,   0.08514  ,   0.08291  ,   0.08106  ,   0.07958  ,   0.07845  ,   0.07766  ,   0.07720  ,   0.07706  ,   0.07723  ,   0.07769  ,   0.07843  ,   0.07945  ,   0.08073  ,   0.08227 },
  {   0.12809  ,   0.12150  ,   0.11542  ,   0.10986  ,   0.10479  ,   0.10020  ,   0.09607  ,   0.09240  ,   0.08917  ,   0.08636  ,   0.08396  ,   0.08196  ,   0.08034  ,   0.07910  ,   0.07821  ,   0.07766  ,   0.07745  ,   0.07756  ,   0.07797  ,   0.07869  ,   0.07969  ,   0.08097  ,   0.08253  ,   0.08434  ,   0.08640 },
  {   0.11889  ,   0.11300  ,   0.10762  ,   0.10274  ,   0.09834  ,   0.09441  ,   0.09094  ,   0.08790  ,   0.08530  ,   0.08311  ,   0.08132  ,   0.07992  ,   0.07889  ,   0.07823  ,   0.07791  ,   0.07793  ,   0.07828  ,   0.07893  ,   0.07989  ,   0.08115  ,   0.08268  ,   0.08449  ,   0.08656  ,   0.08889  ,   0.09147 },
  {   0.11099  ,   0.10578  ,   0.10107  ,   0.09684  ,   0.09309  ,   0.08980  ,   0.08695  ,   0.08454  ,   0.08254  ,   0.08095  ,   0.07975  ,   0.07893  ,   0.07848  ,   0.07837  ,   0.07861  ,   0.07918  ,   0.08007  ,   0.08126  ,   0.08275  ,   0.08453  ,   0.08658  ,   0.08891  ,   0.09149  ,   0.09433  ,   0.09741 },
  {   0.10429  ,   0.09974  ,   0.09567  ,   0.09208  ,   0.08895  ,   0.08628  ,   0.08404  ,   0.08222  ,   0.08081  ,   0.07980  ,   0.07917  ,   0.07891  ,   0.07901  ,   0.07946  ,   0.08024  ,   0.08134  ,   0.08275  ,   0.08447  ,   0.08648  ,   0.08877  ,   0.09134  ,   0.09417  ,   0.09726  ,   0.10059  ,   0.10418 },
  {   0.09871  ,   0.09478  ,   0.09134  ,   0.08836  ,   0.08584  ,   0.08376  ,   0.08210  ,   0.08086  ,   0.08002  ,   0.07957  ,   0.07950  ,   0.07979  ,   0.08042  ,   0.08140  ,   0.08271  ,   0.08433  ,   0.08627  ,   0.08850  ,   0.09101  ,   0.09381  ,   0.09688  ,   0.10021  ,   0.10380  ,   0.10763  ,   0.11171 },
  {   0.09415  ,   0.09083  ,   0.08799  ,   0.08561  ,   0.08367  ,   0.08216  ,   0.08108  ,   0.08040  ,   0.08011  ,   0.08021  ,   0.08067  ,   0.08149  ,   0.08266  ,   0.08416  ,   0.08598  ,   0.08811  ,   0.09055  ,   0.09329  ,   0.09630  ,   0.09960  ,   0.10316  ,   0.10699  ,   0.11107  ,   0.11539  ,   0.11996 },
  {   0.09054  ,   0.08781  ,   0.08556  ,   0.08375  ,   0.08238  ,   0.08143  ,   0.08090  ,   0.08076  ,   0.08101  ,   0.08164  ,   0.08263  ,   0.08397  ,   0.08565  ,   0.08766  ,   0.08999  ,   0.09262  ,   0.09556  ,   0.09879  ,   0.10230  ,   0.10608  ,   0.11014  ,   0.11445  ,   0.11901  ,   0.12383  ,   0.12889 },
  {   0.08781  ,   0.08566  ,   0.08397  ,   0.08272  ,   0.08190  ,   0.08150  ,   0.08150  ,   0.08189  ,   0.08267  ,   0.08382  ,   0.08532  ,   0.08717  ,   0.08935  ,   0.09186  ,   0.09468  ,   0.09782  ,   0.10124  ,   0.10496  ,   0.10895  ,   0.11322  ,   0.11776  ,   0.12255  ,   0.12760  ,   0.13290  ,   0.13844 },
  {   0.08590  ,   0.08431  ,   0.08316  ,   0.08246  ,   0.08217  ,   0.08230  ,   0.08283  ,   0.08374  ,   0.08503  ,   0.08668  ,   0.08869  ,   0.09104  ,   0.09372  ,   0.09672  ,   0.10003  ,   0.10364  ,   0.10755  ,   0.11175  ,   0.11622  ,   0.12097  ,   0.12598  ,   0.13126  ,   0.13678  ,   0.14255  ,   0.14857 },
  {   0.08475  ,   0.08370  ,   0.08309  ,   0.08292  ,   0.08316  ,   0.08380  ,   0.08484  ,   0.08626  ,   0.08805  ,   0.09020  ,   0.09270  ,   0.09553  ,   0.09870  ,   0.10218  ,   0.10597  ,   0.11007  ,   0.11445  ,   0.11912  ,   0.12407  ,   0.12929  ,   0.13478  ,   0.14052  ,   0.14652  ,   0.15276  ,   0.15925 },
  {   0.08431  ,   0.08379  ,   0.08371  ,   0.08405  ,   0.08480  ,   0.08595  ,   0.08749  ,   0.08940  ,   0.09168  ,   0.09432  ,   0.09730  ,   0.10062  ,   0.10426  ,   0.10822  ,   0.11248  ,   0.11705  ,   0.12190  ,   0.12704  ,   0.13246  ,   0.13815  ,   0.14410  ,   0.15031  ,   0.15677  ,   0.16348  ,   0.17044 },
  {   0.08454  ,   0.08453  ,   0.08496  ,   0.08580  ,   0.08705  ,   0.08870  ,   0.09072  ,   0.09313  ,   0.09589  ,   0.09900  ,   0.10246  ,   0.10625  ,   0.11036  ,   0.11479  ,   0.11952  ,   0.12455  ,   0.12987  ,   0.13547  ,   0.14135  ,   0.14749  ,   0.15391  ,   0.16058  ,   0.16750  ,   0.17467  ,   0.18209 },
  {   0.08539  ,   0.08588  ,   0.08681  ,   0.08814  ,   0.08988  ,   0.09201  ,   0.09452  ,   0.09740  ,   0.10063  ,   0.10422  ,   0.10814  ,   0.11240  ,   0.11697  ,   0.12186  ,   0.12705  ,   0.13254  ,   0.13831  ,   0.14437  ,   0.15070  ,   0.15731  ,   0.16417  ,   0.17130  ,   0.17868  ,   0.18630  ,   0.19417 },
  {   0.08681  ,   0.08780  ,   0.08921  ,   0.09103  ,   0.09325  ,   0.09585  ,   0.09883  ,   0.10218  ,   0.10588  ,   0.10993  ,   0.11431  ,   0.11902  ,   0.12405  ,   0.12940  ,   0.13504  ,   0.14098  ,   0.14720  ,   0.15371  ,   0.16050  ,   0.16755  ,   0.17486  ,   0.18244  ,   0.19026  ,   0.19834  ,   0.20665 },
  {   0.08879  ,   0.09026  ,   0.09214  ,   0.09443  ,   0.09712  ,   0.10019  ,   0.10363  ,   0.10744  ,   0.11160  ,   0.11610  ,   0.12094  ,   0.12610  ,   0.13158  ,   0.13737  ,   0.14346  ,   0.14984  ,   0.15652  ,   0.16347  ,   0.17069  ,   0.17819  ,   0.18595  ,   0.19396  ,   0.20223  ,   0.21074  ,   0.21949 },
  {   0.09127  ,   0.09321  ,   0.09556  ,   0.09832  ,   0.10147  ,   0.10499  ,   0.10889  ,   0.11315  ,   0.11776  ,   0.12271  ,   0.12799  ,   0.13360  ,   0.13952  ,   0.14575  ,   0.15228  ,   0.15910  ,   0.16621  ,   0.17360  ,   0.18126  ,   0.18919  ,   0.19739  ,   0.20583  ,   0.21453  ,   0.22347  ,   0.23266 },
  {   0.09423  ,   0.09663  ,   0.09944  ,   0.10266  ,   0.10626  ,   0.11023  ,   0.11458  ,   0.11928  ,   0.12433  ,   0.12972  ,   0.13545  ,   0.14149  ,   0.14785  ,   0.15451  ,   0.16147  ,   0.16873  ,   0.17627  ,   0.18409  ,   0.19218  ,   0.20054  ,   0.20916  ,   0.21803  ,   0.22715  ,   0.23651  ,   0.24611}},
                LabelStyle -> {FontFamily -> "Helvetica",        FontSize -> 14}, PlotLabel -> "least-square statistic",
                                   FrameLabel -> {"Drift bias, \[Delta]",           "loss/replacement rate, \[Lambda]"},
                                                                                      PlotLegends -> BarLegend[All, 20],
Contours -> 20, DataRange -> {{ 0.400  ,0.8000  },{ 2.000  ,3.5000}}]
